D2 files:

 1    0.95  < delta <=       1   0
 1     0.9  < delta <=    0.95   0
 1     0.8  < delta <=     0.9   0
 1     0.7  < delta <=     0.8   0
 1     0.6  < delta <=     0.7   0
 1     0.5  < delta <=     0.6  14  1  2  3  4  5  6  7  8 14 18 19 20 21 22
 1       0  < delta <=     0.5  46  9 10 11 12 13 15 16 17 23 24 25 26 27 28 29 30 31 32 33 34 35 36 37 38 39 40 41 42 43 44 45 46 47 48 49 50 51 52 53 54 55 56 57 58 59 60
 2    0.95  < delta <=       1   0
 2     0.9  < delta <=    0.95   0
 2     0.8  < delta <=     0.9   0
 2     0.7  < delta <=     0.8   0
 2     0.6  < delta <=     0.7   0
 2     0.5  < delta <=     0.6   2  6 14
 2       0  < delta <=     0.5  58  1  2  3  4  5  7  8  9 10 11 12 13 15 16 17 18 19 20 21 22 23 24 25 26 27 28 29 30 31 32 33 34 35 36 37 38 39 40 41 42 43 44 45 46 47 48 49 50 51 52 53 54 55 56 57 58 59 60
 3    0.95  < delta <=       1   0
 3     0.9  < delta <=    0.95   0
 3     0.8  < delta <=     0.9   0
 3     0.7  < delta <=     0.8   0
 3     0.6  < delta <=     0.7   0
 3     0.5  < delta <=     0.6   1  3
 3       0  < delta <=     0.5  59  1  2  4  5  6  7  8  9 10 11 12 13 14 15 16 17 18 19 20 21 22 23 24 25 26 27 28 29 30 31 32 33 34 35 36 37 38 39 40 41 42 43 44 45 46 47 48 49 50 51 52 53 54 55 56 57 58 59 60
 4    0.95  < delta <=       1   0
 4     0.9  < delta <=    0.95   0
 4     0.8  < delta <=     0.9   0
 4     0.7  < delta <=     0.8   0
 4     0.6  < delta <=     0.7   0
 4     0.5  < delta <=     0.6   1  6
 4       0  < delta <=     0.5  59  1  2  3  4  5  7  8  9 10 11 12 13 14 15 16 17 18 19 20 21 22 23 24 25 26 27 28 29 30 31 32 33 34 35 36 37 38 39 40 41 42 43 44 45 46 47 48 49 50 51 52 53 54 55 56 57 58 59 60
 5    0.95  < delta <=       1   0
 5     0.9  < delta <=    0.95   0
 5     0.8  < delta <=     0.9   0
 5     0.7  < delta <=     0.8   0
 5     0.6  < delta <=     0.7   0
 5     0.5  < delta <=     0.6   1  6
 5       0  < delta <=     0.5  59  1  2  3  4  5  7  8  9 10 11 12 13 14 15 16 17 18 19 20 21 22 23 24 25 26 27 28 29 30 31 32 33 34 35 36 37 38 39 40 41 42 43 44 45 46 47 48 49 50 51 52 53 54 55 56 57 58 59 60
 6    0.95  < delta <=       1   0
 6     0.9  < delta <=    0.95   0
 6     0.8  < delta <=     0.9   0
 6     0.7  < delta <=     0.8   0
 6     0.6  < delta <=     0.7   0
 6     0.5  < delta <=     0.6  10  1  2  3  6  7  8 10 12 14 18
 6       0  < delta <=     0.5  50  4  5  9 11 13 15 16 17 19 20 21 22 23 24 25 26 27 28 29 30 31 32 33 34 35 36 37 38 39 40 41 42 43 44 45 46 47 48 49 50 51 52 53 54 55 56 57 58 59 60
 7    0.95  < delta <=       1   0
 7     0.9  < delta <=    0.95   0
 7     0.8  < delta <=     0.9   0
 7     0.7  < delta <=     0.8   0
 7     0.6  < delta <=     0.7   0
 7     0.5  < delta <=     0.6  10  1  2  3  6  7  8 10 12 14 18
 7       0  < delta <=     0.5  50  4  5  9 11 13 15 16 17 19 20 21 22 23 24 25 26 27 28 29 30 31 32 33 34 35 36 37 38 39 40 41 42 43 44 45 46 47 48 49 50 51 52 53 54 55 56 57 58 59 60
 8    0.95  < delta <=       1   0
 8     0.9  < delta <=    0.95   0
 8     0.8  < delta <=     0.9   0
 8     0.7  < delta <=     0.8   0
 8     0.6  < delta <=     0.7   0
 8     0.5  < delta <=     0.6   3  3  6 18
 8       0  < delta <=     0.5  57  1  2  4  5  7  8  9 10 11 12 13 14 15 16 17 19 20 21 22 23 24 25 26 27 28 29 30 31 32 33 34 35 36 37 38 39 40 41 42 43 44 45 46 47 48 49 50 51 52 53 54 55 56 57 58 59 60
 9    0.95  < delta <=       1   0
 9     0.9  < delta <=    0.95   0
 9     0.8  < delta <=     0.9   0
 9     0.7  < delta <=     0.8   0
 9     0.6  < delta <=     0.7   0
 9     0.5  < delta <=     0.6  13  1  2  3  4  5  6  8 10 18 19 20 21 22
 9       0  < delta <=     0.5  47  7  9 11 12 13 14 15 16 17 23 24 25 26 27 28 29 30 31 32 33 34 35 36 37 38 39 40 41 42 43 44 45 46 47 48 49 50 51 52 53 54 55 56 57 58 59 60
10    0.95  < delta <=       1   0
10     0.9  < delta <=    0.95   0
10     0.8  < delta <=     0.9   0
10     0.7  < delta <=     0.8   0
10     0.6  < delta <=     0.7   0
10     0.5  < delta <=     0.6  14  1  2  3  4  5  6  7  8 10 18 19 20 21 22
10       0  < delta <=     0.5  46  9 11 12 13 14 15 16 17 23 24 25 26 27 28 29 30 31 32 33 34 35 36 37 38 39 40 41 42 43 44 45 46 47 48 49 50 51 52 53 54 55 56 57 58 59 60
11    0.95  < delta <=       1   0
11     0.9  < delta <=    0.95   0
11     0.8  < delta <=     0.9   0
11     0.7  < delta <=     0.8   0
11     0.6  < delta <=     0.7   0
11     0.5  < delta <=     0.6   3  4  5 21
11       0  < delta <=     0.5  57  1  2  3  6  7  8  9 10 11 12 13 14 15 16 17 18 19 20 22 23 24 25 26 27 28 29 30 31 32 33 34 35 36 37 38 39 40 41 42 43 44 45 46 47 48 49 50 51 52 53 54 55 56 57 58 59 60
12    0.95  < delta <=       1   0
12     0.9  < delta <=    0.95   0
12     0.8  < delta <=     0.9   0
12     0.7  < delta <=     0.8   0
12     0.6  < delta <=     0.7   0
12     0.5  < delta <=     0.6   8  1  2  3  5  6  8 11 18
12       0  < delta <=     0.5  52  4  7  9 10 12 13 14 15 16 17 19 20 21 22 23 24 25 26 27 28 29 30 31 32 33 34 35 36 37 38 39 40 41 42 43 44 45 46 47 48 49 50 51 52 53 54 55 56 57 58 59 60
13    0.95  < delta <=       1   0
13     0.9  < delta <=    0.95   0
13     0.8  < delta <=     0.9   0
13     0.7  < delta <=     0.8   0
13     0.6  < delta <=     0.7   0
13     0.5  < delta <=     0.6   7  1  2  3  6  7 11 18
13       0  < delta <=     0.5  53  4  5  8  9 10 12 13 14 15 16 17 19 20 21 22 23 24 25 26 27 28 29 30 31 32 33 34 35 36 37 38 39 40 41 42 43 44 45 46 47 48 49 50 51 52 53 54 55 56 57 58 59 60
14    0.95  < delta <=       1   0
14     0.9  < delta <=    0.95   0
14     0.8  < delta <=     0.9   0
14     0.7  < delta <=     0.8   0
14     0.6  < delta <=     0.7   0
14     0.5  < delta <=     0.6  14  1  2  3  4  6  7  8 16 17 18 19 20 21 22
14       0  < delta <=     0.5  46  5  9 10 11 12 13 14 15 23 24 25 26 27 28 29 30 31 32 33 34 35 36 37 38 39 40 41 42 43 44 45 46 47 48 49 50 51 52 53 54 55 56 57 58 59 60
15    0.95  < delta <=       1   0
15     0.9  < delta <=    0.95   0
15     0.8  < delta <=     0.9   0
15     0.7  < delta <=     0.8   0
15     0.6  < delta <=     0.7   0
15     0.5  < delta <=     0.6   9  1  2  3  4  5  6  7  8 18
15       0  < delta <=     0.5  51  9 10 11 12 13 14 15 16 17 19 20 21 22 23 24 25 26 27 28 29 30 31 32 33 34 35 36 37 38 39 40 41 42 43 44 45 46 47 48 49 50 51 52 53 54 55 56 57 58 59 60
