30
1  10.62291906	10.31381395
2  8.649364712	8.813113537
3  10.49756829	8.871330443
4  9.844716725	9.382331963
5  11.80261055	10.63555045
6  9.66858597	11.45483223
7  9.980002524	10.92094111
8  10.14111557	8.461266699
9  9.74272122	10.33874667
10 11.05894661	10.04384519
11 10.05956675	9.343332875
12 10.15424781	9.761228017
13 7.670214133	8.652864368
14 11.89916397	10.51320985
15 8.581633199	9.824194124
16 11.78832595	9.986309438
17 11.7330778	7.981308159
18 7.996224668	9.363529576
19 11.10268575	10.96568836
20 10.60722439	9.415560525
21 8.247740516	11.33023986
22 10.34239724	10.57869792
23 11.30901513	9.921455104
24 8.993311335	9.559586556
25 10.13790571	9.526522908
26 9.157548113	10.92866656
27 9.34354361	11.09109762
28 10.14814963	9.794820834
29 9.940671227	9.444477007
30 8.70425673	10.64874371