D3 files:

 1    0.95  < delta <=       1   0
 1     0.9  < delta <=    0.95   0
 1     0.8  < delta <=     0.9   0
 1     0.7  < delta <=     0.8   0
 1     0.6  < delta <=     0.7   0
 1     0.5  < delta <=     0.6   8  3  4  8 13 14 15 16 17
 1       0  < delta <=     0.5  34  1  2  5  6  7  9 10 11 12 18 19 20 21 22 23 24 25 26 27 28 29 30 31 32 33 34 35 36 37 38 39 40 41 42
 2    0.95  < delta <=       1   0
 2     0.9  < delta <=    0.95   0
 2     0.8  < delta <=     0.9   0
 2     0.7  < delta <=     0.8   0
 2     0.6  < delta <=     0.7   0
 2     0.5  < delta <=     0.6   4  2  3  4  6
 2       0  < delta <=     0.5  38  1  5  7  8  9 10 11 12 13 14 15 16 17 18 19 20 21 22 23 24 25 26 27 28 29 30 31 32 33 34 35 36 37 38 39 40 41 42
 3    0.95  < delta <=       1   0
 3     0.9  < delta <=    0.95   0
 3     0.8  < delta <=     0.9   0
 3     0.7  < delta <=     0.8   0
 3     0.6  < delta <=     0.7   0
 3     0.5  < delta <=     0.6   2  3  7
 3       0  < delta <=     0.5  40  1  2  4  5  6  8  9 10 11 12 13 14 15 16 17 18 19 20 21 22 23 24 25 26 27 28 29 30 31 32 33 34 35 36 37 38 39 40 41 42
 4    0.95  < delta <=       1   0
 4     0.9  < delta <=    0.95   0
 4     0.8  < delta <=     0.9   0
 4     0.7  < delta <=     0.8   0
 4     0.6  < delta <=     0.7   0
 4     0.5  < delta <=     0.6   4  7 13 15 17
 4       0  < delta <=     0.5  38  1  2  3  4  5  6  8  9 10 11 12 14 16 18 19 20 21 22 23 24 25 26 27 28 29 30 31 32 33 34 35 36 37 38 39 40 41 42
 5    0.95  < delta <=       1   0
 5     0.9  < delta <=    0.95   0
 5     0.8  < delta <=     0.9   0
 5     0.7  < delta <=     0.8   0
 5     0.6  < delta <=     0.7   0
 5     0.5  < delta <=     0.6   5  3  7 13 15 17
 5       0  < delta <=     0.5  37  1  2  4  5  6  8  9 10 11 12 14 16 18 19 20 21 22 23 24 25 26 27 28 29 30 31 32 33 34 35 36 37 38 39 40 41 42
 6    0.95  < delta <=       1   0
 6     0.9  < delta <=    0.95   0
 6     0.8  < delta <=     0.9   0
 6     0.7  < delta <=     0.8   0
 6     0.6  < delta <=     0.7   0
 6     0.5  < delta <=     0.6   0
 6       0  < delta <=     0.5  42  1  2  3  4  5  6  7  8  9 10 11 12 13 14 15 16 17 18 19 20 21 22 23 24 25 26 27 28 29 30 31 32 33 34 35 36 37 38 39 40 41 42
 7    0.95  < delta <=       1   0
 7     0.9  < delta <=    0.95   0
 7     0.8  < delta <=     0.9   0
 7     0.7  < delta <=     0.8   0
 7     0.6  < delta <=     0.7   0
 7     0.5  < delta <=     0.6   0
 7       0  < delta <=     0.5  42  1  2  3  4  5  6  7  8  9 10 11 12 13 14 15 16 17 18 19 20 21 22 23 24 25 26 27 28 29 30 31 32 33 34 35 36 37 38 39 40 41 42
 8    0.95  < delta <=       1   0
 8     0.9  < delta <=    0.95   0
 8     0.8  < delta <=     0.9   0
 8     0.7  < delta <=     0.8   0
 8     0.6  < delta <=     0.7   0
 8     0.5  < delta <=     0.6   4  2  7 13 15
 8       0  < delta <=     0.5  38  1  3  4  5  6  8  9 10 11 12 14 16 17 18 19 20 21 22 23 24 25 26 27 28 29 30 31 32 33 34 35 36 37 38 39 40 41 42
 9    0.95  < delta <=       1   0
 9     0.9  < delta <=    0.95   0
 9     0.8  < delta <=     0.9   0
 9     0.7  < delta <=     0.8   0
 9     0.6  < delta <=     0.7   0
 9     0.5  < delta <=     0.6   6  2 13 14 15 16 17
 9       0  < delta <=     0.5  36  1  3  4  5  6  7  8  9 10 11 12 18 19 20 21 22 23 24 25 26 27 28 29 30 31 32 33 34 35 36 37 38 39 40 41 42
10    0.95  < delta <=       1   0
10     0.9  < delta <=    0.95   0
10     0.8  < delta <=     0.9   0
10     0.7  < delta <=     0.8   0
10     0.6  < delta <=     0.7   0
10     0.5  < delta <=     0.6   9  3  4  6  8 13 14 15 16 17
10       0  < delta <=     0.5  33  1  2  5  7  9 10 11 12 18 19 20 21 22 23 24 25 26 27 28 29 30 31 32 33 34 35 36 37 38 39 40 41 42
11    0.95  < delta <=       1   0
11     0.9  < delta <=    0.95   0
11     0.8  < delta <=     0.9   0
11     0.7  < delta <=     0.8   0
11     0.6  < delta <=     0.7   0
11     0.5  < delta <=     0.6   5  2  3  7 13 15
11       0  < delta <=     0.5  37  1  4  5  6  8  9 10 11 12 14 16 17 18 19 20 21 22 23 24 25 26 27 28 29 30 31 32 33 34 35 36 37 38 39 40 41 42
12    0.95  < delta <=       1   0
12     0.9  < delta <=    0.95   0
12     0.8  < delta <=     0.9   0
12     0.7  < delta <=     0.8   0
12     0.6  < delta <=     0.7   0
12     0.5  < delta <=     0.6   0
12       0  < delta <=     0.5  42  1  2  3  4  5  6  7  8  9 10 11 12 13 14 15 16 17 18 19 20 21 22 23 24 25 26 27 28 29 30 31 32 33 34 35 36 37 38 39 40 41 42
13    0.95  < delta <=       1   0
13     0.9  < delta <=    0.95   0
13     0.8  < delta <=     0.9   0
13     0.7  < delta <=     0.8   0
13     0.6  < delta <=     0.7   0
13     0.5  < delta <=     0.6   3  4  6 14
13       0  < delta <=     0.5  39  1  2  3  5  7  8  9 10 11 12 13 15 16 17 18 19 20 21 22 23 24 25 26 27 28 29 30 31 32 33 34 35 36 37 38 39 40 41 42
14    0.95  < delta <=       1   0
14     0.9  < delta <=    0.95   0
14     0.8  < delta <=     0.9   0
14     0.7  < delta <=     0.8   0
14     0.6  < delta <=     0.7   0
14     0.5  < delta <=     0.6   3 13 15 16
14       0  < delta <=     0.5  39  1  2  3  4  5  6  7  8  9 10 11 12 14 17 18 19 20 21 22 23 24 25 26 27 28 29 30 31 32 33 34 35 36 37 38 39 40 41 42
15    0.95  < delta <=       1   0
15     0.9  < delta <=    0.95   0
15     0.8  < delta <=     0.9   0
15     0.7  < delta <=     0.8   0
15     0.6  < delta <=     0.7   0
15     0.5  < delta <=     0.6   1 13
15       0  < delta <=     0.5  41  1  2  3  4  5  6  7  8  9 10 11 12 14 15 16 17 18 19 20 21 22 23 24 25 26 27 28 29 30 31 32 33 34 35 36 37 38 39 40 41 42
